2 1 1 6 4
7 6 5 8
9 6 2 7
4 7 5 5 1 7 4 7
6 6 4 5 4
5 9 2 9 9 4
5 2 4
4 7 2 5
4 9 2 7 1 8
7 8 2 6 9
4 7 2 3 9 9 2 4 4
7 8
1 2 5 7 8 4 8
8 6 9 5 5 9 5 5 7 8 6 5
4 9 9 4 6 2
2 7
2 4 4 4 4
4 4 4 7 7
4 1 6 8 4 5 2
1 6 8 4 7
7 6 9 1 4 7
2 4 6 8
5 7 2 9
8 8 9 8 1
1 8 4 4
2 4 4 1 1
7 6 4 2
2 5 5 4 4 7 4 7
4 4 7 9 9 7
4 6 4 7 9
9 2 3 8 2 9 4 8 6
6 8 9 8 4 5 4 7
2 5 1
6 8 2
4 4
5 7 8
2 5 9 2 2 5
1 8 2 7 7 6 7
6 8 4 6 6 6
2 4 4
2 4 7 6
7 4 5 8 7 2 8 6 1
1 6 5
9 4 1 4 4 8 9 7 5
9 4 4 4 1 6
4 6 8 9
6 4 7 7 8 6 7 4 4
4 9 2
7 8 6
2 4 8
