682 313 32 786 157 268
32 624 738 889 803 33 748 694 394 177 622
394 624 33 748
624 384 922 509
384 780 543 994 945
76 779 972 598 196
76 598 196 196 196 76 196 598 196 779
336 243 801 145 68
145 801 336
336 801 552 489 925 824
824 925 489 336 336 552 947
309 941 957 756 267 43 337 347 946
756 347 957 347 309 946 693 939
347 6
347 6 439 200 280
200 6 439 200 347 354 633 30 96 267
347 439 30 347 439
811 578 521 764 455 136 416
455 455 578 136 354
455 136 354 354
354 136 354 354 896 924 915
914 508 146 359 817 526 159 304
817
817 507 297 829 688 50
11 698 318 460 635 942 462 6
635
907 158 284 409 594 320
409 284 320 563 366
366 320 320 563 563 409 284 366
366 348 884 893 524 851
524 402 503 132 771
771 524 132 132 402 44
402 747 608 702 712
747 608 712 845 359 344 842 729
608 712 712 359 842 747 712
608 608 608 712 381 857 989 278 469 61
61 278 469 608 61
608 878 441 307 288 722 886
139 168 207 791 124 269 403 717 713 727 251 562
251 269 269 269
269 829 160 201 797 891
201 891 201 269 269 201
431 363 460 573
363 314 560 192 285
560
160 702 32 17 592 553
160 17 553 160 17 32 17 592 992 596 721 451
990 41 342 510 916 23 545
342 545 23 23 916
545 916 545 545
545 545 545 723 250 778 305
255 366
785 840 675 40
785 840 40 837
40 837 840 40 837 35 454
40 837 35 837 40 125
35 125 40 837 576 615 522 502
615 40 164 725 99
99 99 164 164 164
164 99 290 624 628 918 455 66
918 918 671 70
918 918 671 862 329 187 275
275 329 426
910 509
910 509 502 425 556
884 855 182 494 129 908 77
494 129 855 77 884 129
77 223 412 131
769 678 253 509 311 27
253 678 920 45 326
253 678 326 436 98 386
436 255 971 982 576 808
436 255 971 682 9 375 645 390 737 646 878
971 436 646 971 9
646 646 646 971 646 699
142 620 2 25 967 268 320 506 111 537 412 850
142 268
142 268 846 977
142 270 199 349 411 852
349 199 270 327 714
199 270 270
49 251 100 803 302 705 441
441 868 533 812 27 708
503 77 662
662 566 941 378 231 975 567 675
941 378 378 567 566 378
567 941 378 378 378 378 567 378 378
378 378 567 378 567 941 378
378 223 1 726 397 477 330 881
790 358 991 363 357 49 719 864 45
719 823 120
719 292 579 898
292 898 475 919
898 475 475 979 275 955 12
898 121
121 353 751 808 719 326 140
808 719 353 751
141 992 170 616 142
142 992 992 616 182 798 909 422 983
983 142 287 163 382
287
287 677 110 393 113 430 695 205 252
205 393
267 4 773 165 225 385 799 433 862 791 625 9
625 165 165 225 773 625
625 485 424 789 610 764 702 469
702 89 41 415 330
415 446 539 645 368 643 343 86 240 993 882 446 105
343 645
343 507 780 49
252 115 755 623 42 32 50
623 42 623 252 667
667 595 766 957 872
872 957 872 766 766
766 957 766 872 957 872 872
766
766 726 29 516 520 997 92 799
766 516 766 29 29 236 124
236 516 29 29 766 713 503 86
713 516 516 29 7 108 635 639 8 242
108 8
108 108 108 843 938 250 924 425 952 180
952 924
291 140 116 159
159 735 867 520 908 228 536 613
735 228 520 735
697 655 172 348 952 284 31 408
172 673 402 90 822 103 435 289 743 42
347 944 134 759 404
404 347 419 696 154
347 601 116 630 413 697
902 80 350 624 311
647 899 284 836 750 147
284 147 899 899
899 899 147 899 137 269 554
147 137 899 554
821 526 208 304 171 243 749 858 411
749 411 749 526 171 749 171
38 2 79 732 129 480
480 38 38 480 792
792 480 480 383
480 480 792 480
792 188 355 65 749
188 415 901 693 429 259
901 901 415 967 852 653 24 404 505
505 404 967
505 967 505 82 180
505 650 401 612 675
675 505 675 766 196 495 939 752 452
220 252
696 679 434 146 238
679 434 696 86
434 121 604 22 311 767 69
311 74 1000 66 118 102 227 607 483 731 30
66 227 66 216 676 858 58 951 360 428
216 918 983 759 967
918 500 247 866
918 304 256 342 897 738 878 219
256 256 256 738 342
738 256
256 622 821 53 379 76 547 553 877
256 713 740 534 488 105
713 333 512 965 59
713 965 965 59
965 965 364 128 105 151 564
965 151 810 773
363 150 214 793 987 753
987 3 252 365 516 727
856 966 20 185 711
804 594 401 253 94 83 958 727 29 11 920 378 346
958 920 346 727 804 11 727 727 253 378 920
727 920 346 958 920 727 920 920
920 164 28 455 694
694 455 28 822 984 296
28 694 624 832 336 993 149 291
832 357 756 56 534 297 375
56 845 494 987 291 805 837
420 851 550 246
246 246 851 921 242 962 972 197 890
851 197 819 47 821 570 604 134 475
47 570 851 197 514 652 988
47 514 514 902 781 185 57 284 296
185 514 121 79 242 58 85 441 599
121 121 121 85 242 185
85 121 185 121 242 121
121 121 85 530 338 168
121 530 338 530 168 121 85 795 63 254
168 63 849 824 669 384 338 875 413
669 849 669 168 287
669 108 848 149 416 135 682 997
669 997 345 570
967 605 889
605 193 200 916
193 605 906 208 412
208 555 23 604 541 213 335 488 446 328 608 666 876
335 541 208 335 208
866 672 902 852
852 866 773 500
852 312 830 600
530 423 669 836 518 321 316 393 196 906
316 518 393 496 938 107 570
496 316 938 316 393 316 316 255
316 844 683 545 631
631 160 72 279 687
160 631 493 166 817 144 287 730 128
631 730 631 370 645 660
370 645
119 395 80 256 750 763
80 256 256 80 256
256 337 378 147 224 366
224 378 337 52 64 743 706
378 378 64 64 706 359 520 69 102
378 64 64 64 706
64 64 64 511 178
64 178 64
64 64 503 359 396 201 153
64 64 64 359 268 196
196 196 35 301 932 906
828 142 274
828 211 609 301 637
609 508 736 685
736 508 736 736 731
508 926 165 934 607 326 796 88 464 627 46 213
165 165 607 165
165 532 933 805
805 579 718 816 727 60 149 631 164
816 816 60
816 689
689 826 50
300 888 947 117 970 672
888 970 117 672
888 888 117 36 706 702
888 888 888 327 333
333 888 888 443 898
443 888 443 333 888 443 888 265 348
265 443 443 443 888
617
617 436
41 779 905 192 565 730 569 447 578 844 765
765 905 569 905 730 192 730 569
905 525 103 303
525 103 480 788
480 788 578
578 414 860
860 414 414 414 860 636 189 639 551 315 748
189 392 14 490 145 216 281 935
392 14 490 392
533 331 196 384 737
196 384 196 384 331
384 384 384 384 204
384 323 327 75 330
75 327 75 323
75 323 75 993 297 32 279 849 297
75 993 613
75 530 292 682 44 738 986 364
682 364
682 133 545 317 302
302 174 25 778 773 177 589 234
234 174 234 234 354 345 388 391 772 318
354 234 391 354 388 354 174 234 234
174 234
174 174 410 164 859 612 662
164 662 859 662 837 640
662 837 662 262
837 262 837 662 662 662 662 658 888 635
662 635
138 121
580 815 814 192 431 316 462 687
316 316 431
431 896 955
955 88 312 206 32
312 206 955 10 949 137 764 139
955 10 91 464 94 14 156 197 566 405
686 595 378
686 792 877 435 544 237 719 863 626
719 435 655 124 45 847 368
45 435 368 847 847 204 188
847 847 169 210 484 113 862
210 847 113 210 847
210 847 113 566 421 781 461 198
421 210 566
661 662 476 711 782 206 105
105 476 782 105 358
105 105 105 105 358
273 931 367 556 448 669
448 556 273 931 669 556 367
273 931 367 556 27
27 931 195 406 838 656
931 269 415 887 708 735 415 744
931 415 415 744 341 889 156 452 649 363 473 261 265 77
931 363 931 889
49 416 793 587 774 749 653
749 749 535 717
717 749
749 962
962 833
962 962 847 720 802
847 470 69 231 382
847 565 711 645 28 592 510 656 313 368 715 619 199
565
525 828 898 15 206 264
525 533 999 15 666 287
666 287 947 33 362 745 72
666 33
33 33 736 318 934
33 33 33
238 274 254 536
338 679 118 10 358 617 122
358 118 617 338 10 358 118 617
118 338 338
958 365 311 108 180 672
311 658 870 506 58 18
18 870 870 561 781 550 911 561
561 561 550 550 561 870
561 550 870
561 870 404 330 728 242 626 985
870 404 728 404 330 985 561 561
404 216 748 402
216 748 952 712 376
712 712 561 143 661 147
712 280 546 662 699 98 621 727
546 699 662 415 96 557
415 546 243 617 803
919 323 970 810
810 970 575 150 906 106 489
906 575 906 106 575 106
886 173 516 235 291 253 584 763
235 235 763 291 881 785
507 974
974 403 534 933 729 591 76 610 232 845 8 579
8 974 534 610 534
534 610 610 67 992 716 123 239 907 261 307
123 525 918 386 108
204 705 722 782 941 659 920 586 368 260 207
920 260 705 147 986 558
705 705 705
705 705 489
705 392 2 30 544 527
2 392 544 392 544 392 527
392 544 392 392 544
337 294 721 680 407
47 391 162
47 47 391 658 893
47 127 747 172 992 241 628 857 444 318
992 992 241 628 47 318
318 241 47 318 625 395 988 779
395 779 779 549 48 921 876 507
48 395 287 640 111 439
287 287 439 287 640
287 287 287 640 287
287 287 753 336 308 707 925 255 104
308 853 52 603
603 603 881 431
603 603 603 881 431 603 703 188 955 861 760 628 589
589 431 881 353 910 520 782 341
782 881 782 465 981
981 981
572 458 218
572 218 572 523 863 256
523 572 163 670 853 293 545
163 670 853 853 853 598
375 358 12 315
375 447 865 661 133 950
950 989 868
868 950 35 635
868 112 903 891
903 891 891 688
903 891 628 113 122 488 947 212 345 599
345 113 212 947 568 696 178
568 696 218 798
798 568 18 948 78 756 89 835 142 450 488
142 568 89 18 450 29
450 601 200 336 587 503 260 773
260 260 503 260 503 215 609 350 71 613 950
260 44 231
260 189 104 502 361 443 882
260 204 633 110 208
915 844 459 965
997 367 819 93 699 890
699 367 93 890 699 997
699 324 808 249 152 86
152 726 785 90
726 94 183 768 383 961
726 726 383
383 676 606 199 595 759 993 597
993 676 993 606 676 606 993 383 597
86 651 705 407 567 252 491 191 146 683
705 705 252
252 705 705 946 689 12 2 63 334
2 705 63 946 689 334 2 705
63 689 705 402 863
863 705 705 465 934 687 76
863 934 934 465 465 465
934 415 981
415 934 556 959 665 935 818 470 607 656 634 760 573 15
665 15 573 15 935 665 935 818 935 665 665 607
665 935 573 797 180 20 988
180 988 665 797 573
584 43 946
43 672 773 831 593 244 567
593 593 43 244
244 90 51 643 334 573 176 575 729
575 244 244 643 470 390 30 480 825
480 244 643
480 244 954 627 436 263 374
374 954 244 263 244 548 12 130 382 444
130 382
284 405 694
405 511 600 594 885 441
985 772 602 707 589 739 360 394
772 589 131 60 154
60 310 131 975 27 928 775 375 528 609 197
849 203 793 923 33
849 923 849 923 849
849 849 377 596 367
367 352 512 485 425
352 512 908 19
19 597 785
19 597 829 860 707 784 643 808 831
332 183 159
544 978 106 310 913 820
310 820 310 574 195 517 6
574 356 114 47 303
47 574 47 114 478
47 929 59 437 383 698 868 523 351
47 435 478 785 549
47 785 785 478 47 435 478 29 469 459 195 349 790
459 785 783 549 999
783 999 999 785 172 358 722
286 416 751 850 444 300 575
286 444 416
286 444 444 444
444 444 286 444 929
444 286 444 85 141 664 379 381 551
85 664 444 444 379 64 453 18 581 729
379 456 406 863
379 379 181 201 838 546
379 546 201 838 379 1000 738
379 379 738
47 477 800 618
363 162 670 457 243 382 297 933 741 54
162 243 24 264 59
59 59 264 243
20 828 8 329 648 968 275 135
135 329 135 648 950
950 874 839 214 831
831 839 234 582 211 20 855
234 855 855 855 831 442 69
855 776
401 706 743 270 642 354 59
354 419 522 972 131 204
854 358 744
754 224 379 657 828 81 899 651 525
379 613 363 117 84 595
363 595 379 595 613
37 914 211 171 790 936 143
211 914 790 790 98 950 966
950
950 950 930 801 118 576 841 558
841 801 930
930 447 88 799 86 268
88 963 817 662 101
88 88 817
88 845 168 334 910 138 820
845 910 168 910
845 910 910 530
845 134 81 804 107
845 81
81 196 688 427
81 81 322 922 100 878 415 857
922 957 921 597
957 957 877 958 990
957 990 431 992 240 399 434 602 396
957 992 728 856 586
752 483 226 339 324 928 757
757 226 752 483 483 339
226 584 418 731 573 861 715 601 905 952 472
549 839 822 455
861 115 520 92 238 894
258 17 227 403 335
403 17 471 669 772
403 17 761 971 574 428
574 971 17 574 403 574 428
574 574 574 17
574 574 574 240 255 534 335 449 920 427
449 240 534 240 773 440 376 200
200 240 440
200 440 240 444 6 8 270 207 140
440 656 170 698
80 971 694
80 971 317
971 190 55 308
824 486 506 483 77 152
152 824 152
152 152 824 137 671 504 17
233 984 469 82 26
984 26 469 581 701
581 667
562 991 355 272
272
860 787 84 204 607
607 204 607 787
607 787 125 68 53 7 637 846
787 53 846 950 594 452 872 303
303 452 364 822 486 787 775
775 822 801 693 542
542 693 801 608 245
542 542 801 829 914 457 585
542 542 542 585
585 542 29 478
542 542 29 542 68 854 126 679 885 684
820 956 262 902 285 44 177
285 262 177 902 956 683 241 551
241 956 902 683 683 956
86 492 72 70 905 238 885 265 905 703 114
72 72 195 282 916 136 508
72 916 402 7 568 826 13
224 961 933 378
961 961 933 961 520 419 944 731
961 944 731 961 731 731 419
731 419 101 827 825 185
827 825 825 757
757
757 171 301 887 460 378 981 974
378 502 748 250 413
502 594 693 424 523
424 523 693 523 523 523
523 28 507 282
868
868 175 21 125 176 352 740
176 175 753 871 524 156 422 743 472 842 563
176 871 171 469 826
871 171 826 826 826
871 166 318
318 318 716 374 411 548
318 374 374 679 818 448 335 899 400 71
899 335 318 400 899 374 899
318 683 788 943 242 29 29 218 255
218 29 683 788 242 242 943 683 218 943 218
683 519 541 285 146
541 146 146 541 146 146
541 404 548 492 779 657
657 404 492 404
657 867 389
399 272
272 272 399
272 636 643
643 636 134 850
643 435 882 528 171 565 973 893
565 157 595 431 279
157 595
157 450
450 157 469 449 425 455 363
449 455 363 450 652 181
450 652 449 181 345
449 450
316
316 813 515
945
212 643 216 99 529 794
985 96 729 174 717 235
985 729 218 809
598 164 465
693 700 883 22 99
700 22 883
883 605 9 775 959 361
361 361 84 193 593
361 193 645
361 193 483 456 848 503 319
848 336 509 241 454 204 168
241 336 377 285 507 370
377 336 865 508
377 469 400 103 708 723 173
917 624 96 587 688 297 294
96 297 294 297 297 294 294 294 96 688 624 779
96 294 96 297
297 57 506
57 506 6 413 445 430 129
57 506 297 467 27 450 42 159 807
57 27 807
807 807 27 881 885 299 692
885 807 807 83 911 76 33 790 527 266 584
807 885 885 807 83 807 527 527 638 271 563
527 807 885 346 559 819
559 807 250 192 102 98 31 589 656 27
27 31 98 559 793 598 69 47 297 443
297 443 667 457
297 443 457 297 443
837 401 103 139 289 926
837 926 926 487 876 742 704
926 926 926 837 487
837 743 919 766 68 829 18 756 594 885 2
18 766 837 42 89 606 960 671 786 91 185 552 157
671 552 216 763 620 676
767 726 577 415 911 190
415 726 577 726 415 218 159 478 335 770 336 457 939
159 478 415 770 752
770 159 478
770 159 467 53 550 948
770
770 249 282 441 272 123 79 681 204 562
282 272
272 286 395 766
395 766 395 286 446 248
248 395 248 446 248 834 177 496
248 519 817 831 292 577 208 777
817 817 248 831 292 292 292 798
798 798 248 292 831 817
262 32 393 706 440 549 465
393 706 393 262 440 262 465
393 262 393 706 393
393 393 187 878 449 198 48 542 233
487 201 444 740 555 972 41 932
41 555 41 555 555 932
555 41 41 41 555 41 555 41
41 867 781 554 343
781 867 781 781 585 542
542 865 202 917 559 325
559 412 696 25 163 548 728 749
559 749 31
291 210 771 358 909 252 21 48 914 11
11 252 252 252 544 28 247 236
591 132 659 418 300 744 349
300 622 442 921 913 688 281 135
688 913 785 373 138 786 485 560
785 485 938 179 741 14 258 535 746 662 437
746 437 179 179 912
179 179 912 746 746 179 437 746 179
179 746 179 522 383 884 944 668
179 944 884
944 26 638 674 598 122 825 345
598 638
241 629 36 109 500
650 131 308 219 667 3
308 131 308 3 219 676
32 570 369 453
453 453 453
453 357 927
130 929 598 998 844 150 275
150 598 130 859 791
859 150 141 292 543
292 262 508 205 256 712 157 204 598
508 424 896 128 127 595 332 414
896 332 205 424 567 229 329 235 535 368
229 535 205 926 575 805 268
926 805 805 229
229 805 875 379 312 5
312 38 769 918
38 428 269 108 921
269 428 428 461 66
428 428 66 428 564 480 893
100 913 41
41 100 387 155 552
552 76
76 132 824 60
60 76 132 5
5 132 440 782 198 701 824
132 680 130 64 486 879 637
64 132 486 457 91 321 96 35 711 139
91 64 132
64 132
64 125 740 880 993 292 270
880 270 880 740 880 64
64 880 805 969 169 163
880 163 169 880 64 163
880 163 169 163 880 880 880 213 581 700 883 377 989
309 766 791 199 524 400
199 309 788 699
199 199 58 411 266 917 621 151 213 144 252
199 252 549 889 719 434 143 972 563
434 252 889 549
434 889 434 252 549
632 222 834 616 152 355 791 701 764 411
632 489 525 50 832 5 657 886 201
201 201 489 5 632 489 832 489 50 832 5
201 50 489 489 201 5
201 50 923
201 923 870 529 552 596
870 596 201 552 529 552 923
596 164 610 582
610 610 199 438 731 629 134 29 22
134 134 374 111 336 581 247
581 134 363 112 416 835 68 490 389 795
134 423 222 388 822 483
423 483 423 822
161 658 786 505 819 566 457
26 941 725 423 911 840
423 266 180 313 416 436
2 271 322 581 773 652 368 593
581 322 271
322 251
274 407 929 122 991 127 947 940
991 929 870 781 609 553
781 877 34 962 20 868 987 573 589
303 331 773 478 52
331 758 202 341 715 754
390 792 415 584 521 179 586
954 88 115 365 338
362 766 566 104 878 291 247
104 362 566 759 168 590 450 22 740
362 168 168 104 450 635 769 362 118 696 215
168 900 989 550 457 492
457 891 742 211 955 476 527 601
527 457 777 989 40 538 142 72 652 341 455 397
652 728 221 461 661 990
461 790 4
461 4 461 591 409 489 296 974 784
974 461 784 461 489 461 974 461
974 784 461
974 784 461 974 197 419 845
461 316 562 941 781
562 781 316 781 941 562 781 461 526
316 781 781
161 502 86 409 162 714 914 380
162 161 714 161 86 714 161 714
714 714 181 938 61 633 115 636 345
181 181 636 637
181 181 314 591
591 361 851
591 47 163 41 26 935 283 638 295 395 577
591 591 47 577 547 807 270 518
47 547 518 873
182 88 259 854 839
259 11 119 60 24 725 511
60 24 11 24 119 725 725 725
725 11 207 142
11 304 846 916 18 315
315 18 315 916 454 823
672 979 298 895 924 518 653
518 298 979 298 153 688 345 195 896
688 496 693
688 962 307 177 365 24 560 867
24 24 962 415 480 600 592 300 260 597
600 962 480 24 24 480 24
24 24 13 939 547 933
13 24 939 88 168 62 87 740 41 668 909
24 402 585 33 720 47 408
24 47 585 585 894 674
24 674 78 162 173
24 78 78 78 24 24
24 275 869 868 343 766
343 119 376 434 549 575
434 119 119 647 600 345 31
109
126 830 861 772 681 962 390 398 400
861 772 398 772 470 205 719 154
772 968 937 845 64
64 772 173 688
772 688 64 64 453 738 132
64 922 12 653 765 79
64 765 732 431 308 711 315
64 896 141 409 994 345 225
66 605 308 469 96 590 655 528 267
308 528 469 96 786 102 595 510 362 856
469 786 510 963 221 582 485 69 343 895 367
895 963 367 363
574 143 334
574 143 143 574
689 277 601 217 252 254 203 115
601 115 115 217 217 277 815
217 853 254 339 453 679 426 537 887
254 453 426 537 853 217 254
937 49 339
937 86 477 937 208 92
86 208
208 240
240 208 540 622 711 988
208 35 224 370 807 289 864 660 249 419
541 900 268 935 818 767 124 799 366
268 541 333 281
541 333 7 24 287 50 272 159 946 9
287 287 333 541
287 541 752 78 502 735 41 40
533
533 226 268
226 302 328 467 862
467 320 594 664 655 563 299 15
594 320 15 932 272 54 388 416
568 321 821 911
821 821 911 99 229 341
821 407 178 46
830 368 319 249 636 639 475 122
639 368
242 515 60 552
515 515 387 913 728
728 728 387 829 783 35 610 718 629
610 629 794
629 794 440 450
794 824 417 790 121 610 105
790 790 533 25 703 495 255 890
255 25
411 374 232 705 315
862 376 799 727 411 783 40 747 148
799 799 862 799 148 747
747
747 790 518 523 621 149 857 591
621 149 790 647 164 205 187
164 149 205 621 621 647 754
205 205 647
647 334 90 437 417 858 983 872 24 562 121 631 583
687 758 993 750 851 410
993 758 993 840
993 758 868 290 108 255 486
486 108 308 709 229 431 411
411 229 486 108 308 108 411
543 854 146 165 523
874 773 544 191 800 847 608
641 716 270 951 861 454 675 202 722 250 452
716 202 716 951 675 250 675 452 722
169 708 43 44 93 180 416 752 516 908
516 400 339 288 979 662 650
400 650 650 172 936 451 236
726 348 634 420 679 383 22 116 653 292
292 22 726 653 162
726 162 413 384
6 4 511 254 682 230 787
6 787 787
497 906 940 275 215 202
215 471 554
838 354 335 192 926
354 926 192 926 838 335 633 654
335 85 113 770 128 671 540 544 726 856
671 113 770 335 85 335 113 85
113 671 932 89
89 89 89 89 932 932
913 370 441 601 976 582 740 415 31 834
31 31 357 478 607 284 90 122 477 309
459 11 998 154 104 583 372 342
998 998 372 525 161 528 744
525 998 744 161 998 528 525 998
528 998 744 522 585 981 897
585 18 759 341
638 274 994 812 567
567 567 994 994 567
994 567
995 510 118 307
424 15 246 547 458 14 932
14 932 246 14 239 668 698 733 563 100
932 559 153 22
559 559 986 617 449 869 131 751 474
617 684 597 612 440
597 196 585 915 545 596 261 178
261 596 342 699 887
427 148 330 348 434
434 434 850 878 7 705 667 545
707 196 83 597 55 653
83 687 53 580 311 312 796 124
580 311 124 53 262
262 262 262 182 3
395 13 751 157 889 549
157 395 751
157 751 395
157 206 131 594 641 507 563
206 594 563 641 181 170 204
563 641 594 181 204 206 179
641 190 170 640 793
190 640 793 190 917
793 917 83 992 714
494 198 140 986 159 714
714 714 714
714 220 639 498 755 520 465 388 414 328
414 639 328 388 662 643 197 384 333
328 197 384 333 384 643 662 197 388 823
662 197 662 3 370 794 811 31
794 811 3 690 148 940
940 578 147 562 762 576 747
576 762 940 762 940 578
762 578 940 578
578 952 443 39 792 692 117
117 117 952 652 664 788 493 605 819 894
788 605 830 177 766 669 104 668 12 480 504 129
153 933 514 402 42 383
933 345 861 495 187 562
861 562
65 712 731 718 403 1 72
718 403 65 718 72 691 289 100 113
72 718 72 100 379 452 694 299 504 134 322 500 863
863 863 72 694 558 126 434
72 863 403 117 363 318
363 117 403 106 940 979 135
940 403 117 940 363 940
117 117 200 952 168 531 525
200 347 271 104 776
347 347 689 652 93 157 86
93 347 347 86 86 93
93 93 347 635 73
93 439 970 895 719 722 745
895 745 895 231 300 120 488 169 136
169 27 839 715 266 934 932
934 80 17 343 890
80 80 890
890 80 80 80 78
80 160 273 229
273 229 229 978 173 832 860 471 836
832 227 116 186 570 71
509 315 361 260
509 361 656 970 826 779 456 146 842 270 580 135 395
580 275 25 437
25 350 148 883 392
350 914 636 21
21 636 350 858
504 21 43 773 142 870 578
578 504 429 766 186 365
429 659 864 33 714 904 75 921
714 247
247 714 714 865 617 760 710
714 760 714
714 939 931 592 437
931 939 714 381 478
939 939 931 381 877
381 345 415
345 54 608 361 942
54 345 39 813
992 214 870 12 487
992 214 487 12 12 465
12 465 992 12 992 12 464 369 260 386 490 603 702
603 12 490
876 348 606 995 399 249 261
348 606 995 348 995 150 607 204 363 54 112 12
201 772 652 155 739 732 442
306 43 419 257 113 898 199 806 21
199 43 306 742 278 31 76 415 350 380 682
76 350 278 742 76 208 812
350 742
742 585 522 920 867
524 720 950 269 388 254 957 867 863 57
254 388 388
254 388 388 66
388 66 66 388 815 946 294
388 161 362 979 769
543 355 271
418 940 697 987 340
697 418 697 850 93 553
553 93 426 460 736
736 93 676
759 669 302 479 905
346 718 372 291
718 718
718 718 524 572
524 529 448 448 952 825 111
111 825 952 855 676 654
855 24 490
490 253 355 84 293
490 84 646 269 81
646 646 81 81 401 732
646 81 169 996
646 531 515 862 52 728 758 771 416
646 862
646 18 741 129 458
92 592 247 882
92 247 140
92 92 92 247 92 140 456 512
140 92 649 667 422 18
422 716 47 350 947 581
714 761 92 217 159 244
222 979 442 715 66
442 421
421 421 421 638 917 588 873 158
588 690 657 752 284 42
42 42 71 550 423 374 894 62
42 550 863 586 299 319 90
299 586 863 904 515 184
299 515 515 299 904 586 299 863 515 586
586 586 515 50 32
586 515 586 515
446 733 789 880 444 768 276 769 675 943 643
643 219 411 885 85 438 990 441
366 340 449 622 265 643
643 265 643 643
988 340 581 302 806
891 419 546 135 360 471 43
419 546 891 43 43 419 135 891
891 886 866 129 271 421
421 421 866 891 481 278 381
278 421 866 139 36 14
421 36 421 278 866 14
421 639 756 847
639 870
870 851 482 547 515 368 760 788 37
515 870 788 788 482 515 870 368 788 788 760
760 788 788 788 482 870
760 788 586
586 709 430
961 283 843
961 362 225
362 41 819 477 511 83 518 838
518 917 221 977 242 51
518 948 787 260 900 506 468 217 166 306
506 468 217 900 722
506 196 965 638
44 378 764 59 56 493 305 705 276 576
576 493 648 951 873 475 112
112 112 951 576 493
576 112 563
576 112 112 570 881 784
784 784 570 881 576 881 881
784 845 426 380 658 261
845 380 380 658 426 426
104 191 18 781 388
680 22 286 541 888 196
541 286 286 888 680 665 488
488 665
455 423 536 801 33
801 33 916 290 308
290 916 33 916 308 290 308
290 308 308 724 695 533
290 724 533 235 895 551 530
895 551
209 217 460 469 862 232
209 217 776 326 812 275
275 217 812 217 812 209 326
214 840 293 146 175
293 175
175 293 378 36 25 742 315
175 378 36 802 648 910 184 924
184 493 268 275 633 832 336
633 617 186 117 861 544 397 604 344
861 467 85 664
609 301 893 893 500 410
301 301 471 449 113
449 471 449 301 113 113 301 229
198 235 990 220 745 742 505 361 931
712 800 311 386 173 570 79 1000 857 391
800 391 1000 800 1000 564 925 658 104 578
104 1000 795 250 800
1000 1000 104 104 104 959 833 711 354
352 42 563 886 104 840 655 969
886 886 42 840 42 563 700 313 779
42 563 42 886 779
42 42 779
42 42 42 463 98 345 422 341 998 652 909
98 422 341 42 463 341 998 909
998 998 998 341 688
688 998 688 903 33 401 720
688 903 151 639 64 34 432 446
74 58 353 197 159 422
159 58 353 201 899 80 52 56
159 590 196 799 586 390 987 296 769
769 196 586 196 586 244 754
586 244 769
586 244 769 191 438 717 217 663
769 191 181 736 300 204 283 824 486
300 824 300 824 283 191
283 607 418
607 283 283 418 247 472 747 744 875 717
283 607 717 418 247 747 247 247 747
247 247 418
247 247 513 248 703
703 247 981 320
320 275 574 133 598
275 980 742 379 857 382 856
379 778 260 754 49 752 334
754 900 534 436 280 490 392
392 82 572 568
392 316 958 560 752 720 22 687 809 190 270 350
190 720 720 720
854 485 735 13 920 494 255
920 485 891 965 292 568
568 568 361 66 286 219 448 44
44 379 66 567 208 896 333
208 838 648 50 79
648 50 648 648
648 648 504 704
648 648 792 975 133
792 133 701 388 444 605 590 146 969
701 792 388 969 567 947 255 267 324 440
792 974 96 602 88 688 35
96 688
688 492 804 291 843 539 848 67
539 492 804 147 225 675 902 109
147 428 155 206 267 31 449 771 895 726
206 155 206 895 428
895 895 155 501 865 245
155 902 389 733 412 623
623 288 902 923 147 897 911 269 521 958
269 911 911 958 521 542 636
418 619 78 804 320 903
78 804 619 78 11 158 173
549 181 996 121 334 443 690
334 334 334 824 477 987 711 684 195 322 979
824 711 824 979 322 609 6 868
824 868
88 897 913 519 722 556
564 869 416 343 290 581 339 265
581 869 339 564 869 339 265 869 601 684
339 684 564 684 665 739 167 386
684 167 386 684 684 684
684 167 386 115 992
684 936 734 599 706 271
684 270 355 592 857
592 270 184 183 468 938 213 340
468 197 63 18 886 696
886 613 422 669 642 242
642 669 644 321 452 423
577 452 809 898 473
809 577 473 48
473 951 292
951 473 292 206
21 976 415 534 141 622 363
622 622 534 614 701 154
701 154 154 622 217 945 674 312 735
239 982 111 565
565 565 81 974 302 770 687 115 368
115 974 565 687
687 343 954 333 365 431
687 333 431
107 10 722 938 347 18 139 812
938 139 10 830 417 900 846 365
365 10 365 900 900 10 900 139 938 365
451 580 875 283
875 388 14 938 543
388 462 487
388 642 317 856 510 36 176
856 176 510 510 388 642 642 317 679
856 312 834 552 784 251 881
784 552
156 524 598 775 634 333 490
490 156 490 598 333
490 156 718 845 380
380 380 718 490
380 775 917
380 72 106 896 104 758
902 944 505 145 165
505 902 505 810
505 865 657 757 142 20
865 865 505
865
520 355 168 30 873
873 617 662 44 799 871 73 881
799 662 662 577 556 779 305 430 735
171 64 776 810
810 138 886 138 594 828 373
138 373 828 810 810 594
828 293 294 827 284 502
294 941 106 988 791 592 109 906 398 551 89
988 870 785 677 391 89 931 101 842 971
629 835 795 206
835 835 206 792 446
446 206 835 835 487
843 674 48 483 855 811 194 513
843 935 311 352 564 343 343 152 29
152 902 878 237 536 357 539 90
878 823 914 132 462 630 606 508
878 603 727 199 936
899 823 208 279 290
290 823 279 899
290 899 823
87 346 522 304
87 346 522
346 522 346 110 645
645 346 141 416
917 657 571 176 61 446 684
446 917 917 446 446 657 446 657 657
446 446 917 446
917 446 917
446 917 423 105 544 346 446 711 188 665
446 446 346 188 414
446 446 551 568
568 446 446 21 88 247
493 143
627 439 140 485 816
439 485 611
491 255 986 727 790 101 658 385 781
781 781 376 15 805 400
15 400 345 792 663 490 235
490 663 490 15
490 663 791 880 2 273 43 116 935
619 21 711 682 227
227 711 28 474 150
28 780 100
28 100 100 780 44 270 999
28 270 100 780 780
780 100 780 270 28 780 498 577 460 716
577 28 498 270 460
498 348 954 549 640 20 91 726
91 954 348
91 776 941 249
485 597 846 253 386 699
386 50 504 382 820 668 184
50 409 923 385 967 466
385 923 967 433 446 971 41 826 445 836
385 967 385 967 923
385 967 385
967 967 110 894 673 327 492 514 34 222
967 514 967 967 967
967 967 967 967 514 152
967 928 149 798 151 523
179 410 289 503 538 206 371 776
289 179 289 179 179 744 926
179 179 289
289 289 179 179 626 902 647
179 89 939 614 709 952 685 501 684
501 685 501 685 952 12
952 786 429 608 21 101 738
738 101 608 503 172
101 101 172 503 503 738 172 608
101 101 101 172 847
101 101 235 38 523
101 417 345 253 785 11 371 367 533
11 785 345 785 197 704 361
785 785 361 785 11
785 785
785 785 785 9 52 760 986
986 785 634 9 859 760 459
986 459 785 760 555 524 56 882 685 884 70
56 459 785 760 56 524 70 884 882 249 695
695 110 879 580 876 906 469 860 538 552
110 652 750 220 415 409
110 220 110 807 977 246 952 199 560 823
823 977 257
211 484 237 450
340
340 483 380 939
275 440 632 308 463 878 809 860 664
860 734 848 123 162 526
526 860 162 860
490 375 222 564
490 564 753 300 245 163
163 490 300
163 163 163 163 490 163 525 738
738 163 118 156 726 525
726 118 156
156 29 487 283 184 794 709
156 487 283 709 184
283 253 507 403
398 925 361 984 476 188 686 730
686 958 199 549 568 721 943
958 686 584 180 244 250 267
180
180 677 195 812
180 411 365 200 10 974 295
295 365 411 180 295 353
62 131
131 62 172 855 613 313 234
62 234 313 637
234 617 863 252 252 506
252 252 234 252 234
123 634 168 73
168 989 775 753 21
753 753 21 753 753 989 509
854 91 573 532 165 588
532 588
588
588 640 426 433 65 551 944
551 551 551 640 175 328 879 113 69
175 551 551 801 604 66 508 371 35
551 175 371 66 551 604 508
371 476 724
476 371
476 140 580 665 701 902
140 902 52 796 636 476
611 401 181
611 611 611 870 207 146 907 719 990
870 207 870 907 146 990 990
207 207 990 146
146 146 207 68
146 146 89 64 790 914 408 692 212 328
89 64 914 408 692
236 577 426
426 660 156 655 75
75 426 728 452 365 524 309
524 365 560 400
365
365 826 116 417
140 528 150 956
140 150 41 122 897 678 712 414
296 608 196 642 941 64 944 722 159
722 608
576 266 142 300 29 395 892 365
993 381 659 116 560
381 560 448 682 646 610 300
80 105 217 236 660
236 217 660 826 827 945 718 479
236 783 186 916 264
916 916 916 394
916 394 916 916
394
716 180 775 95 299 706 765 506
506 95 95 775 875 595
95 595 37
37 595 95 95 991 30 196 567
686 889 407
131 959 507 725 420 262
507 959 131 507 725 420
959 507 420 507
420 507 507 507 86
86 507 507 507 20 648 875 412
875 965 776 853 222 82 702 733
875 776 922 534
425 403 842 526 958 180
418 378 883 136 610 557 929 351 618
828 925 190 358
190 190 947 994 371 243 331 96 185 50
96 50 371 96 96 190
50 801 926 578 173 816 31 282 943 659 396 330
31 578 50
50 31 363 150 300 259
31 300 150 31 363 31
479 475 417 956 63 695
63 448 769 55 691 207
207 55
55 55 55 731 810
743 501 477 221 34
743 70 249 502 118 701
743 249 701 249
743 805 67 744 104 160
805 160 805 198 54 992
992 160 160 835 647
715 423 657 348 149 124 350 431 610
350 124 136 574 570
136 151 658 83 850 613
229 384 799 345 526 910
910 910 451 649 229 578 634
910 488 321 599
321 420 192 651
332 90 75 717
75 1000
75 1000 1000 1000 1000 774 840
1000 75 75 1000 1000 1000 774 879
75 1000 75 75 75 1000 1000 1000
574 579 77 148
4 859 427 561 778 54
54 54 37 653
54 653 37 94 117 58 752
734 401 434 903 155 876 84 535 385 192
385 734 434 385 903 434
385 903 434 903 385
385 385 903 658 947 596
385 658 692 739 597
692 692 692 385 259 135 34 852
692 219 978
321 511
170 965 34 774
181 826
543
543 493 511 885 131 356 309
356 695 355 681 174
681 623 671 617 288 39 949
140 483 61 611 877 409 949
877 483 61 877 949 61 877 611 949 873 248
949 61 483
949 949 483 61 483
949 949 949 483 318 157
949 949 260 797 930 208 554
949 797 554 742 841 179 851 607
783 982
892 899 870 226 652 897 508
870 897 508 508 15 515
803 39 512 852 349 684
512 349 349 803 704 601 81
799 115 831 579 686 704 15 789 605
115 764 176 16 385
764 716 338 828 473 872 484 572
473 338 473 764 484 828 473
484 764 484 338 484 473
606 359 673 44 90
673 359 606 606 90 90 673
210 656 782
707 207
707 633 962 867 961 391 177 630 473
962 224
224 224 803 413 847 714
803 224 413 223 211 853
803 223 853 437 481 153 176 703 371 720 739 61
61 437 720 437 371 223 481
481 223 437 283 598 607
607 59 777
607 777 777 22
22 607 777 777 777 54 237 720 699
777 720 54 910 184 315 53
53 53 777 315 54 184 184 720
777 777 720 740 980 588 320
320 716 468 520 503 835 713 163 989 760 463 238
468 238 835 835 760
835 962 826 796 386
796 962 826 362 842
826 842 842 525 284 901
126 813 704 596
704 126 161 51 623
623 51 161 126 623 378 219 444 948 898 908 930
444 623 623
444 325 667 989 459
989 444 667 459 325
667 458 572
458 667 561 789 62 314
510 925
925 929 656 809 899 419 718 634
809 809 7 804 604
7 809 542 540 960 911 29
960 540 7 960
62 80 812 218 365 331 577 497 731 914 451
62 731 563 509 404
404 62 563
563 563 563 923 108 578
543 767 651 511 490
651 511 651 754 403
403 511 455 252 411 767 47
352 125 822 321 836 246
822 352 352 836 246 836
987 914 590
914 590 272 534 72
272 914 249 348 291 541
249 249
249 85 651 3 603 172
223 886 360 18 461 506 644 819
360 18 223 618 482 456 792 416 362
618 482 328 849 726 860 9 176 862 672 464
328 862 726 464 862 688 390 523 993
862 464 695 320 299 217 879 304 845 890
695 299 217 890 320 890 320 464 890
318 334 620
620 318 334 172 824 31
318
318 834 907 200 28 883 849
465 765 263 502 548 680 289 225 882 265 257
225 257 502 265 465
465 320 739 204 810 650 709 145
810 145 810
416 334 370 129 90
90 903 47 309
47 555 197 848 315 348 888 475
197 197 848 555 475 555
783 251 775 695 433 186 542
695 783 542 775
783 775 542 418 433 705 900 276 133
433 775 276 101 758 156 493
433 493 775 493 687 416
775 775 493 28 880 278 784
437 707 578 387 590 353 970
437 437 296 874 992
296
827 458 234 400 424 818 221 954 61
818 61 424 234
818 234 872 585 206 133 649 912 206 170 299
649 818 585 912 206 299 170
206 818 585 585 585 855 170 813
818 655 374 440
440 655 440 492 561
655 440 561 440 440
561 655 512 353 813
813 540 960 501 524 240 776 14
540 776 540 501 540 14 14 762
505 276 639 905 921 58 491 358
358 505 358 905 276 58 358
358 276
358 32 601 595 713 553
32 358 595 713 595
595 358 595 595
358 347 986 482 284 569 402 159
482 612 365 658 498 64 808
808 612 64 482
833 737 185 852
185 737 737 861
737 860 391 102
927 719 2 551
889 191 781 571 616 540
540 191 768 206 669
206 768 206 206
782 10 314 525 530
530 10 473 790
10 620 909 354 614
929 317 986 204 415 99 860
415 929 317 860 99 317 929
860 860 429 990 357 988 385 443
990 192 61 813 844
844 990
990 844 844 500 720 13
990 500 437 103 523 561 246 536 418 305 431 121 832 603 971 479
246 103 603 832 560 619 82 639 347
603 103 639 222 574
222 222 603 603
701 355 262
701 251 427 125 346 271 553 26 907
125 701 26 907 972
26 701 125 972 701
411 252 98 189 191 493 869
252 189 98 869 953 533 954 122
954 252 252 533 954 252 98 869
252 533 869 863 792 657
252 792 177 883 51
177 177 252 252 252
252 177 822 212 825
825 822
822 546 53 330
53 330 512 476 251
330 22 628 663 47
628 663
154 40 624 982 557 179 79 509 425 86 448 179
624 40 982 203 287 790 440
982 84 189 829 517 856 792 434 598 798 813
517 829 792 47 391 764
517 517 47 829
233 691 988 417 229 161
691 168 485 765
765 691 691 168 765 485 168 749
691 765 765 802 47 243 993 531
531 765 47 243 47 993 47 765
47 47 243 765 47
47 47
117 837 589 563 701 782
563 782 782 117 837 117 559 217 750 469 366 8
782 750
504 86 165 276 929 453 895 571 868
504 868 453
453 920 3 799 124
453 467 492 436 450 160 399 260
450 436 492 260 260 780 521 15 8
521 260 450 492 15 780 260 480 992
492 260 354 907 811 52
354 354 492 260
774 728 500 309 803 882 697
850 921 203 51 419 201
419 203 201 203 850
166 334 202 139 141 604
141 604 604 202 207
604 604 846 814
846 604 814 846 604 604
604 604 697 86 902 757 430 176 645 551
645 86 697 902
697 264 344 512 799 189 334 501
799
293 439 761 854 943
854 854 59 535 807 75 797 275 145
284 656 95 167
766 829 504 34 603 850 530
504 504 603 34 156 743 478 64
603 504 156 603 390
390 272 160 201 749
390 749 749 201 272
749 272 749 249 100 778
749 778 749 272 7 432 34 136 426 86 621 818 256
136 136 749 778 887 897 73
887 897 136 10 998
85 356 624 955 472 73 339
384 854 452 806 689
74 970 919 723 199 693 657
74 693 970 199 693 919 74 199 919 970 199 693 657
693 332 904 846 135
904 332 904
904 904 178 572 869 670 153
869 749 82 526
564 227 566 763 228 768 72 681 765 523
72 566 225 923 713
72 713 150 668 29 479 53
668 377 526 816 811
477 708 955
955 477 708 955 22
955 955 955 583 482 156 868 292 381 690 919
868 482 292
292 482 868 342 253 869
89 940 275 793 686 82 834
834 82 940
834 834 269 100 802
834 269 802
802 802 269 269 918 417
269 269 417 802 918 802
269 802
269 802 802 672 228 237 807 36
421 645 364 547 531
364 531 857 627 682 150 438
627 438 438 857 682 438 531 531 682 364 531 744 121 72 244 63 262
627 438 438 244 438
244 900 607 542 470 757 434
470 775 713 379 672 145 287 600 93 907
145 379 672 775
406 121 217 353 748 987 725 975
217 987 748 987
217 748 681 75
290 31 749
749 290 749 405 100 910 484 657 54 584
910 749 910 657 657 54 749
749 910 711 301 4 339
301 239 603 287 995
287 603 73 808 157 775 714 284
808 287 11 74 76 905 703
74 905 76 74
74 76 832 288 781 158
76 617
617 840 844 734 873
896 369 50 186 859
369 50 977 433 849
849 849
268 648 871 661
268 465 521 94
94 651 446 888 530 418 657 390 855
418 651 657 651 390 418
203 710 432 261
261
344 182 681 494 884 830 509 342 699 944
342 884
884 884 339 81 60
60 123 839 830 599 532
830 131 503 313 12
12 856 533 609 196 117
533 12 609 196 609 533 609 533
533 533 12 12 533 609 783 158
533 533 12 222 758 934 31 901 131
12 934 533 222 533 758 996 116
996 500 955 209 30 313
249 661 902
249 249 661 902 316
249 682 680
436 482 796 199
47 790 572 746 902 223 954 689 57 664 377 510 762
223 223 664 572 790
790 572 223 664 223 572 223 496 433
223 124
124 818 532 231
231 320 28 4 152 366 122
366 4 122 338 304
776 143 794 411
764 619 1 847 700 885 252
814 754 263
814 476 774 773 559 73
773 814 56 506 263 145 655 401
655 655 263
137 597 421
137 579 255 575 188 913 772 43 334 802
579 255 913 913 918 360
653 363 351 871
871 351 786 322 449
322 256 824 112 637 917 962
112 722
783 134 123 287
134 783 134
134 134 134 134 134
134 134
134 645 327 604
594 961 774 859
774 371 736 564 339
371 141 928 796 918 756 895 733
733 371 918 796 918 918 796
733 371 551 316
316 119 440 388 598 625
979 827 93 993 759 529 830 790 175
790 93 979 529 529 827 175 759 93 759
827 93 827 790 732 391 277
277 790 277 391 93 958 321 654 402
321 958 321 277 654 805 542
573 432 386 314 107 870 841 736 253 203
107 314 253 203 107 841 594 220
841 220
942
942 173 347 271 143
173 143 978 957 247
921 40
921 921 76 947
921 947 963 509 627
947 921 963 627 627
921 627 947 947 921 963 598 902 462 346
462 963 598 598
735 116 144
995 270 374 621 542
270 542 871 613 581 85 490
85 871 85 539 525 737
85 871 85 737 871 926 184
871 737 184 653 414 550 608
653 608 550 871 871
871 653 152 43 187 186 389 435
871 89 980 974 25 98 366 262
89 262 980 366 974
980 980 974 18 293 200 827 741 852 254 7
7 7 974 18 741 781
974 860 757 758 293 137
865 746 69 8
865 759 335
410 88 568 138 71
310 527 410 328 797
797 310 413 459 375 598
413 459 375 375 413 885 484 769
769 413 413 459 375 356 172 80 975
413 765 301 923 375 489 781 689 622 107 88 421
421 88 301 301
421 885
421 893 280 570
774 956 536 822 498
774 956 815
502 221 302 164 32 849 91 282 104
32 502 32 282 221
502 140 665 667 559 470 993
559 847 898 753 368 340 887
753 887 847 653
552 461 332 367 494
332 677 931 837 932 230 655 140
159 389 118 392 264
389 118 159
118 118 159 245 927 843 892 960
159 936 518 481 416 157 667 741
481 157 481 667 159 416 667 250
416 822 463 580 577
822 416 834 515
822 921 505 361 364 795
361 1 87 499 163 55
825 947 637 555
825 825 947 637 637 825 825
825 947 947 333
825 333
333
999 165 971 338 774 682 920 209 37 761 566
566 566
566 566 281 130 723 708 336
336 723 281 566 566 162 842 933 949 261 7 328
723 328 933
147 702 750
702 147 396 817 139 926 781
926 396 781 781 817 817
926 926 817 817 531 383
383 926 216 30
383 935 261 939
261 769 982 363 623 874 660 108 866 322
322 769 660 108 363
769 292 66 572 805 282 900
572 572 292 525 856 924 463 958 439
525 856
525 856 483 774 164 151 607 940 318 993 123
80 803 604 847 335
847 803
348 933 721 608 363 594 565
209 546 92 531 45
45 737
60 962 79
315 97 576
97 715 716 622 792 592
431 20 238 357 467 991 216 522
431 991 467 20 216 467 357 431 474 430 241 627
431 679 250 442 34 578 939 684 547
34 939 547 939 684 34 669
684 34
34 684 684 684 637 213 937 376
34 213 684 213
213 567 751 10 879
10 10 879 751 243 8
654 99
654 99 682 288 549 566 602 517
517 293 32 944 494 433 632
369 443 984 964 121
369 227 86 975 229 893 31
975 86 229 31
229 229 229 86 717 388 139
31 298 921 460 486 864 371 376
371 376 486 31
595 341 193 800 676 890
736 886 712 729
736 803 325 810
736 810 814 285 645 156 144
156 736 336 111
156
156 147 840
156 147
156 156 147 803 437 315 813 737
437 315 156 147 147 645 809 907
848 314 629 270 306 950 80 268
270 58 954 610 560
58 610 376 594 831 14 773
831 831 773 14
831 831 432 909 108
411 337 917 392 877 501
337 337 501 727
337 228 108 247
108 409 757 394 886
898 963 612 527 423
423 963 423 527 963 730 672
963 527 423 673
963 527 728 212 880 696 780
728 963 963 895 463 830 391 133
127 680 521 552 356 172 333
333 175 799 337 75 265 953 319
175 953 333 319
953 175 319 953 953 420 578 593 518
953 518 4 9 471 887 184 449
632 555 659 275 567 55 157
327 263 177 893 58 920
893 58 263 58
58 709 16 906 676
58 483 489 170 224 859
224 58 859 224 859
859 859 859 190 687 567 143 988
143 51 616 875 818 290 796 521
143 796 796
294 884 656 70 425 749 625
625 561 406 894 572 28
625 922 105 638 559
638 109 972 385 953 718 511 56 526 931 314 161 127 250
526 127 953 526 886 25 361 635 815
127 685 988 843
843 685 531 645 609 219 607 516 422
609 169 9 366 914 536 268
536 9 169 166 252
166 536 329 328 801 478 253 996
194 666 897 710 600 929 171 60 627 407 309 391
309 36 923 82 22 482 182
309 182 482 556 113
482 309 556 113 182 113
182 113 556 295 977
295 295 295 182 977 441 228 802 775 694 800
977 775 586 168 486 587 432 294 648
168 796 223 31 160
31 796 168
168 31 31 168 796 31 796 707 471 124
31 101 650
31 207 453 1000
951 418 564 7
418 7
431 300 915 358
300 22 365 316 535 796
535 830 569 739 658 632 727 267
535 727 535
535 535 656 267 935
535 535 267 656 788 391
267 267 391 868
279 702 859 697 869 865
859 279
279 279 859 93 928
859 279 859 279 859
105 458 634 155 72
890 935 76 640 565
935 565 76 565
565 935 565 565 565 76 935
935 565 935 565 935 565
935 795 76
795 638
406 319 114 893 525 236 548
319 525 893 548 877 492 476 237 484 2 787
237 237 2 476 525 319 548
319 237 127
319 378 913 719 47
719 47 319 919 150 935 697 227 996 566 557
996 150 719 47 57 609 920 539 182 670 724 8
920 247 204 225 659 266
225 537 215 541 900 384 144 120 625
144 900 384 384 384 537 625
384 384 384 144 384 584
831 442 504 888 962
831 442 831 888
51 62 187 82 669 466
62 82 62 82 82 669 187
82 62 62 62 669
82 62 82 915 720
136 858 307 728 555 494
858 307 288 595 419 434
288 573 160
573 160 160 160 160 160 288 160 573
507 51 810 46 805 643 894 203
810 894 805 507 51 643 51 477
477 477 51 51 805
477 51 486 599 561 341 316 170 122 239
341 69 159 78 813
69 942 508 299
57 976 663 304 762
663 304 893 909 630 400
893 509 365 741 461 828
828 461 365 828 509 741
557 812 946
64 998 130 187 1 728 342
64 475 985 745 113 598
745 405 89 538 574 691 566 435 28 410 669
574 89 28 6 502 199
28 199 502 387 365 877 996 159 899
248 99 58 520 838 245 123 848 804 613
804 123 838 58 838 123 58 520 245 123 248
123 838 804 248
838 804 123 248 741
802 391
391 643 678
643 226 537 880 327 395 739 332 755 707 81
739 707 755 702 772 900 875 134 752 78 18
18 739 755
18 18 755 594 376 567 721 96 800 74 25 214 622
18 755 755 755 214 800 18 214 622
73 7 914 229 35 469 560 316 290 255 936
229 560 316 936
560 245 360 933 635
360 360 245 560 863
560 620 1 356 691 332 141 911 201 805 860
620 356 860 691
356 972 201 786 842 937 957
356 268 428 115 676 281
281 268 676 268 676 282 22 499
499 672 807 184 822
499 822 996 598 961 875 690
598 875 875 893 488 275 911 574 714
875 315 666
112 890 72 757 260 682 792
890 757 792 890 943 185 446 491 471 117
763 603 818 381 595 824 561 791 452
603 603 603 452 763 452 824 452 603 889
452 763 763
452 337 242 536 815
536 337 337 132
132 536 539 623
539 536 539 623 623 539 623 380 219
539 539 539 219 219 219
219 141 559 825 441 514 494
494 658
658 409 220 263 765
917 860 933 461 41 488 300 17
304 140 182 290 319 281
290 281 191 216 830 81 693 147 243
290 824 519
519 157 595 969 540 671 735
969 524 957
969 478 392 779 529
478 779 228
779 478 181 554 727 928 126 951
126 417 686 333
417 126 459 864 634
126 498 544 107 216 701 361 559
107 559 531 789
789 789 789 476
476 143 547 685 724
78 973 894 641 768
768 973 768
768 749 600 431 164 333
768 431 431 431 600 600
768 414 785 883
414 80 393
393 414 393 80
331 244 937 985 762 636 141 442 517 217
217 442 244 868 710 299
217 299 690 652 153 449 490 522
299 449 299 522
522 522 138 904 862 793 991 732 81
81 991 991 522 47 630 973
47 47 477 36 377 79 301 20 13 554 8 362 614
47
141 444 888 583 682
363 557 909 534 50 523 963
557 50 363 309
557 557 50 863
557 557 358
358 358 108 690 455 57
818 131 766 378 492 265
378 131 492 131
492 131 541 624 194 898 899
898 194 736
175 591 436 152 406 610 51
152 436 175 406 406 406 406 898 157 101
175 101 86 676 658 881 897 18
676 768 939 669 845 60 985
676 939
737 23 465 309 227 285 681 72 276 490 327 376 103 989
989 23 465 490 103 309 103 737 618 990
989 309 103 737 267
737 737 103 309 103 586 495 866 622 224
495 103 117 708 801 433 900
708 634 998 78 837 868 180
78 78 436 585 629 721 134 683 780
134 78
78 134 134 297 864 624 641 590 800 451 305 860
134 239 23 129 440 625
23 129 891 365
23 423 846 249
249 423 535 209 230 802 845
230 423 802 362 25 440 65 942
65 230 25 65 65 942
65 136 719 884 774 869 743
774 869 136 719 884 743 869 869 719
869 719 869 869 24 28
112 821 335
821 112 112
112 19 155 780
19 112 780 155 19 780
19 19 71 258 279 135
19 279 258 978 705
279 424 20 298 198 916 920
279 424
299 141 521 705
705 521 141 705 162 926
141 705 141
108 818 308 755 288 294 950 418 573 178 973 728
108 418 288 837 658 80 356
108 658 288 837 418 418 418
418 27 196 660 983 350 365
27 983 365 720 904 625 533 880 544
983 720 355 557 261 613 638 462
557 720 613 557 84
557 720 585 352 253 695 73
73 286 393
393 393 839 604 569 41 814 44
604 604 187 657
187 604 187 187
937 467 540 748 268
467 937 637 970 137 941 846
467 803 181 619 503
16 972 238 251 378
238 378 238 529 852 933 54
54 238 852 238 852 378 54
238
238 691 710 788 997 838 284 40 8
354 652 222 878
222 679 707 216
9 831 673 108 967 746
9 960 786 107 743
743 209 393 302
302 853 428 311
428 302 514 858 64 109 425 120
64 684 453 442
753 348 53 968 798 2 168
53 798 4 338 831 130
53 831 798 130 130
